168146.84754976077
168146.84754976077 168146.84754976077
0 10000 123986.05657336855 1648.1764322801268
0 20000 115061.40912264297 1615.5403199864563
0 30000 137668.87177428635 1583.5504466540913
0 40000 124686.5121928286 1552.1940158815685
0 50000 109583.67173733767 1521.4584846534017
0 60000 121448.3777824809 1491.3315583226974
0 70000 112735.59645391432 1461.8011856931232
0 80000 120867.92056670575 1432.8555541982585
0 90000 122982.94873317915 1404.4830851764007
0 100000 110821.44209372267 1376.6724292389376
0 110000 120113.57225078439 1349.4124617304312
0 120000 123159.26524653666 1322.692278278598
0 130000 105739.47238192041 1296.5011904324065
0 140000 119241.6073825294 1270.8287213865453
0 150000 113700.54553963247 1245.664601790553
0 160000 114214.97099317377 1220.9987656409328
0 170000 117756.00632051453 1196.8213462546096
0 180000 110794.57651838173 1173.122672322116
0 190000 122441.71697179246 1149.8932640389326
0 200000 102208.49235199564 1127.1238293134327
0 210000 107539.65842196823 1104.8052600499125
0 220000 101342.97652512371 1082.928628505227
0 230000 106318.73584582603 1061.4851837175631
0 240000 99190.24594496975 1040.4663480059348
0 250000 105934.8605005576 1019.8637135389862
0 260000 105489.67456517505 999.6690389717423
0 270000 102339.11780830237 979.8742461489538
0 280000 124320.55163048161 960.4714168737215
0 290000 105121.3233377133 941.452789740104
0 300000 101351.22420473259 922.8107570284475
0 310000 94407.79537020606 904.5378616621892
0 320000 99135.59404999927 886.626794224922
0 330000 97077.93990196807 869.0703900365238
0 340000 90845.29746298413 851.8616262871856
0 350000 98360.73421405924 834.9936192281863
0 360000 99444.86286809544 818.4596214182977
0 370000 96691.0721667448 802.253019024712
0 380000 97407.87895662172 786.367329177415
0 390000 89720.5970635462 770.7961973759465
0 400000 96920.47234876394 755.5333949475107
0 410000 103247.98828788937 740.5728165554187
0 420000 92368.14996423369 725.9084777568679
0 430000 93517.05469325221 711.5345126090797
0 440000 80214.37369981855 697.4451713228397
0 450000 87378.0522374585 683.6348179625012
0 460000 103213.37888476685 670.0979281915309
0 470000 90421.08549704227 656.829087062696
0 480000 83734.97510905254 643.8229868520094
0 490000 83081.22780197345 631.0744249355644
0 500000 84686.4678803205 618.578301708412
0 510000 82981.3600551585 606.3296185446472
0 520000 80331.4288491458 594.3234757978867
0 530000 92696.75043321801 582.5550708413426
0 540000 83020.98903297559 571.0196961467033
0 550000 74736.79582783628 559.7127374010548
0 560000 90016.00321083324 548.6296716610916
0 570000 81360.70180205673 537.7660655438748
0 580000 77998.76963463039 527.1175734534161
0 590000 76157.52058910488 516.6799358423784
0 600000 82620.54828211259 506.4489775081967
0 610000 77833.98015741054 496.4206059229373
0 620000 74176.95992985007 486.59080959622986
0 630000 70662.75500120681 476.95565647061386
0 640000 59938.04615147706 467.51129234865994
0 650000 75626.13925625195 458.25393935123725
0 660000 64092.36379549528 449.1798944063074
0 670000 67593.55168009108 440.2855277676442
0 680000 66571.18249290838 431.5672815628831
0 690000 74397.92160378394 423.02166837032263
0 700000 66076.12439882556 414.6452698239058
0 710000 75490.07049706078 406.43473524582583
0 720000 70057.51236672487 398.38678030620775
0 730000 69668.19147401825 390.49818570932933
0 740000 58948.60884829001 382.7657959058582
0 750000 55126.585638035474 375.18651783058687
0 760000 57898.89860732519 367.75731966516304
0 770000 54778.207240360076 360.47522962531974
0 780000 59185.008725172724 353.3373347721192
0 790000 57924.01031672014 346.34077984673655
0 800000 60450.189794442056 339.4827661283154
0 810000 55177.669277334615 332.76055031444037
0 820000 54145.0951602395 326.1714434237772
0 830000 57627.97764202735 319.71280972044207
0 840000 54400.14830171033 313.38206565967033
0 850000 50102.84267514512 307.1766788543619
0 860000 45297.343296432795 301.0941670620905
0 870000 46994.95281352937 295.13209719217167
0 880000 48401.67959247565 289.28808433239243
0 890000 43801.44305449995 283.5597907950121
0 900000 45662.43770707807 277.9449251816547
0 910000 49468.04934029681 272.4412414667169
0 920000 46553.20657046506 267.04653809892625
0 930000 46066.12684395392 261.7586571206893
0 940000 51566.19843880181 256.5754833048782
0 950000 46980.01353087831 251.49494330871013
0 960000 41075.07263311881 246.5150048443805
0 970000 43567.619066763196 241.63367586611943
0 980000 41613.13920776844 236.8490037733451
0 990000 44813.331114433735 232.15907462959603
0 1000000 37872.35029059946 227.56201239692945
0 1010000 38505.676944222185 223.05597818547946
0 1020000 40294.54156849017 218.63916951787525
0 1030000 38326.5523303257 214.30981960822461
0 1040000 41904.9660121238 210.06619665537465
0 1050000 38669.853194285555 205.90660315016677
0 1060000 37148.888669095984 201.82937519640913
0 1070000 35619.80710469539 197.83288184529448
0 1080000 37256.50539372021 193.91552444299776
0 1090000 35359.01682530652 190.07573599119198
0 1100000 36102.09947695494 186.31198052022657
0 1110000 34128.78432149815 182.62275247471786
0 1120000 34689.849857697816 179.00657611130586
0 1130000 31819.82895791301 175.4620049083358
0 1140000 34514.20042388713 171.98762098722915
0 1150000 33220.99447719984 168.58203454531207
0 1160000 28797.25964191597 165.2438832998748
0 1170000 29910.488999521232 161.97183194323927
0 1180000 32871.51499286196 158.7645716086171
0 1190000 31664.034663553663 155.62081934654455
0 1200000 32862.49088745414 152.53931761168437
0 1210000 34264.77944133225 149.5188337597901
0 1220000 27388.92827538109 146.55815955463086
0 1230000 27634.43204339835 143.65611068467973
0 1240000 28526.32831282701 140.81152628937252
0 1250000 29643.484804939588 138.02326849474701
0 1260000 27972.61073432772 135.2902219582774
0 1270000 27924.861031353386 132.6112934227215
0 1280000 28852.07426691723 129.9854112788023
0 1290000 30517.884968986797 127.41152513654923
0 1300000 29334.28245546145 124.88860540512721
0 1310000 28256.958031090813 122.41564288098594
0 1320000 26949.041967613877 119.99164834416396
0 1330000 27931.93908745682 117.61565216258697
0 1340000 25058.92746395065 115.28670390420109
0 1350000 27046.580000457638 113.00387195678663
0 1360000 27150.1144385084 110.76624315530013
0 1370000 24334.103526993567 108.57292241659539
0 1380000 26820.23076935145 106.4230323813775
0 1390000 26930.646237397097 104.31571306324685
0 1400000 25741.54971139042 102.25012150469226
0 1410000 25726.51288695441 100.2254314398962
0 1420000 24465.194559585194 98.2408329642167
0 1430000 25568.994387897645 96.29553221021405
0 1440000 24579.528803485853 94.38875103009268
0 1450000 23175.690416873436 92.51972668443096
0 1460000 23617.122078376888 90.68771153707469
0 1470000 23608.731493977448 88.89197275607208
0 1480000 22603.736452185076 87.13179202053053
0 1490000 24000.300745876244 85.40646523327825
0 1500000 23821.788120490368 83.71530223921536
0 1510000 24531.50949997733 82.05762654924212
0 1520000 25174.850019256948 80.43277506965369
0 1530000 23866.093672262978 78.84009783689332
0 1540000 23472.2772962355 77.27895775755773
0 1550000 23502.007242657284 75.74873035355078
0 1560000 23290.264780652218 74.24880351228327
0 1570000 23181.996495562817 72.77857724181948
0 1580000 21751.663044650628 71.33746343087164
0 1590000 22693.656543617497 69.92488561354739
0 1600000 22144.212461759853 68.54027873875503
0 1610000 22268.43163843737 67.18308894417525
0 1620000 22903.597071261913 65.85277333470833
0 1630000 22674.459218509666 64.54879976530839
0 1640000 22240.840364847856 63.27064662811791
0 1650000 22129.478793918803 62.01780264381717
0 1660000 22345.174544311627 60.789766657105325
0 1670000 23012.30420994669 59.58604743623121
0 1680000 21766.676817869014 58.40616347649363
0 1690000 21753.613349027655 57.24964280763277
0 1700000 22618.25655827217 56.116022805035335
0 1710000 22375.330248642545 55.00485000467822
0 1720000 21691.801599592753 53.91567992173646
0 1730000 22129.71495282405 52.84807687278307
0 1740000 21976.883916690058 51.801613801509426
0 1750000 22421.08642660921 50.77587210789681
0 1760000 21835.177923218063 49.7704414807704
0 1770000 21910.905802043253 48.78491973366905
0 1780000 21337.943658156037 47.818912643965
0 1790000 21545.160015019213 46.872033795169266
0 1800000 21276.185763717807 45.94390442235957
0 1810000 21490.61158920597 45.034153260669044
0 1820000 21319.979085704406 44.142416396775
0 1830000 21361.154399359024 43.26833712332846
0 1840000 21413.459521239038 42.411565796266224
0 1850000 21165.672172221948 41.57175969494825
0 1860000 21228.897975813536 40.74858288506457
0 1870000 21171.64691854069 39.94170608425682
0 1880000 21185.126274151757 39.150806530400665
0 1890000 21288.158732345513 38.375567852496324
0 1900000 21083.76861006145 37.61567994411579
0 1910000 21363.977118160296 36.870838839355784
0 1920000 21206.055128816053 36.14074659124716
0 1930000 21175.29131102125 35.42511115257189
0 1940000 21165.952787933053 34.72364625904003
0 1950000 21286.70565384183 34.03607131477999
0 1960000 21168.469313072925 33.36211128009618
0 1970000 21390.660086589265 32.701496561449304
0 1980000 21254.998970593682 32.05396290361506
0 1990000 21158.348649511412 31.419251283978372
0 2000000 21123.848959765648 30.797107808920668
0 2010000 21194.543249047845 30.187283612258824
0 2020000 20980.07950224049 29.589534755695194
0 2030000 21004.93869537103 29.003622131238853
0 2040000 21073.590093557686 28.429311365558995
0 2050000 21081.174766136497 27.866372726232296
0 2060000 21204.32221636464 27.31458102984671
0 2070000 21125.317753121595 26.77371555192491
0 2080000 20940.350292938612 26.243559938631375
0 2090000 20976.29324159829 25.723902120227816
0 2100000 21110.075001090536 25.214534226242268
0 2110000 20995.751100484817 24.715252502317956
0 2120000 20923.025141248112 24.22585722870869
0 2130000 21042.664291548634 23.746152640388143
0 2140000 21000.43884123233 23.275946848741057
0 2150000 20906.604419040876 22.815051764805094
0 2160000 21042.32259350806 22.363283024032604
0 2170000 20960.519725565853 21.920459912542185
0 2180000 20927.42754541729 21.48640529483058
0 2190000 20978.807989160647 21.06094554291597
0 2200000 20973.619767431872 20.643910466884336
0 2210000 20926.165101915194 20.235133246811085
0 2220000 20901.49761330098 19.834450366030715
0 2230000 20912.68283409927 19.441701545727845
0 2240000 21036.43039506904 19.056729680823416
0 2250000 20921.0582961753 18.679380777130458
0 2260000 20959.294924520993 18.30950388975421
0 2270000 20915.78704302089 17.946951062712053
0 2280000 20945.929104192255 17.591577269749013
0 2290000 20912.717185066318 17.243240356325213
0 2300000 20944.06325161315 16.901800982752047
0 2310000 20941.744140003964 16.567122568454337
0 2320000 20967.707008315378 16.239071237336173
0 2330000 20906.604419040876 15.917515764228582
0 2340000 20963.69014258989 15.602327522397598
0 2350000 20972.01216590888 15.293380432091766
0 2360000 20902.891460366332 14.990550910108439
0 2370000 20950.510911852027 14.693717820358776
0 2380000 20947.719794729088 14.402762425411575
0 2390000 20932.53435115718 14.11756833899662
0 2400000 20911.288987033917 13.838021479448543
0 2410000 20917.08523826845 13.564010024072537
0 2420000 20990.623093272286 13.295424364413702
0 2430000 21011.488340591543 13.032157062412104
0 2440000 20994.49187542594 12.77410280742604
0 2450000 20948.834900962807 12.5211583741063
0 2460000 20901.49761330098 12.27322258110455
0 2470000 20905.21057197552 12.030196250599381
0 2480000 20901.49761330098 11.791982168623765
0 2490000 20920.776132351435 11.558485046178104
0 2500000 20909.612976144697 11.329611481113275
0 2510000 20902.891460366332 11.105269920768462
0 2520000 20901.49761330098 10.88537062534878
0 2530000 21054.740348541756 10.669825632028111
0 2540000 20972.391576308422 10.458548719762709
0 2550000 20902.891460366332 10.251455374801573
0 2560000 20914.979881116902 10.04846275687976
0 2570000 20918.69283979144 9.849489666081093
0 2580000 20907.293864535513 9.654456510357061
0 2590000 20916.373728182258 9.463285273688863
0 2600000 20918.69283979144 9.275899484879902
0 2610000 20907.576028359377 9.092224186966233
0 2620000 20907.293864535513 8.912185907232704
0 2630000 20921.0582961753 8.735712627822844
0 2640000 20915.691391203098 8.5627337569307
0 2650000 20911.006823210053 8.393180100563104
0 2660000 20905.21057197552 8.226983834861118
0 2670000 20908.96987542473 8.064078478969519
0 2680000 20907.576028359377 7.9043988684435185
0 2690000 20912.68283409927 7.747881129182071
0 2700000 20902.891460366332 7.5944626518773175
0 2710000 20901.49761330098 7.444082066969991
0 2720000 20901.49761330098 7.296679220100718
0 2730000 20902.891460366332 7.152195148047426
0 2740000 20913.372279593907 7.010572055139221
0 2750000 20901.49761330098 6.871753290137304
0 2760000 20905.900017470158 6.7356833235736735
0 2770000 20901.49761330098 6.602307725538552
0 2780000 20966.715270638433 6.471573143907656
0 2790000 20905.21057197552 6.34342728300059
0 2800000 20901.49761330098 6.217818882661836
0 2810000 20930.950228977705 6.094697697755968
0 2820000 20911.978432528555 5.974014478068882
0 2830000 20901.49761330098 5.855720948607023
0 2840000 20905.21057197552 5.739769790286701
0 2850000 20901.49761330098 5.626114621005784
0 2860000 20909.612976144697 5.514709977090211
0 2870000 20916.373728182258 5.405511295107873
0 2880000 20907.293864535513 5.298474894042613
0 2890000 20920.776132351435 5.1935579578212
0 2900000 20901.49761330098 5.090718518186299
0 2910000 20902.891460366332 4.989915437908569
0 2920000 20901.49761330098 4.891108394331194
0 2930000 20911.006823210053 4.794257863240251
0 2940000 20906.604419040876 4.699325103054459
0 2950000 20902.891460366332 4.60627213932801
0 2960000 20902.891460366332 4.515061749560244
0 2970000 20901.49761330098 4.42565744830613
0 2980000 20913.372279593907 4.338023472581564
0 2990000 20913.372279593907 4.252124767557678
0 3000000 20902.891460366332 4.16792697253841
20901.49761330098 20901.49761330098
1 10000 39958.93360221383 204.87660796261542
1 20000 37856.820756357556 200.81977530025043
1 30000 37263.75281371045 196.84327338630072
1 40000 36686.0680799564 192.94551156379873
1 50000 34993.964031750875 189.12493067292624
1 60000 37339.73219063521 185.38000242732855
1 70000 34354.79782488884 181.7092288027783
1 80000 33859.70301445253 178.11114143794464
1 90000 33905.67942450061 174.58430104702788
1 100000 37554.430452245906 171.12729684402495
1 110000 35611.945310353505 167.73874597839486
1 120000 33853.43986427613 164.4172929818992
1 130000 33959.37829551421 161.1616092263954
1 140000 32047.116580238468 157.97039239236696
1 150000 34909.28985767049 154.84236594797702
1 160000 34722.14208852352 151.77627863843773
1 170000 31785.634993251097 148.77090398549063
1 180000 32078.04233209028 145.8250397967979
1 190000 30715.96301926984 142.9375076850486
1 200000 31465.561170863617 140.10715259658696
1 210000 28583.996105303 137.33284234937457
1 220000 31289.912670778092 134.61346718010182
1 230000 30599.439555745656 131.9479393002665
1 240000 28017.094996984724 129.3351924610434
1 250000 27676.193155916215 126.77418152676942
1 260000 27767.356107955213 124.26388205687468
1 270000 27921.30658985544 121.80328989609177
1 280000 28214.914805445125 119.39142077277954
1 290000 29353.312988147678 117.02730990520037
1 300000 28116.693520440796 114.71001161559397
1 310000 26834.879848525692 112.43859895189287
1 320000 27130.7740989133 110.21216331692847
1 330000 24663.948821414677 108.02981410497934
1 340000 24824.915665784305 105.89067834551642
1 350000 24935.996003075248 103.79390035400229
1 360000 26047.710411950648 101.73864138960548
1 370000 26005.594789045223 99.72407931969214
1 380000 25169.680140852623 97.74940829096138
1 390000 25162.50412160538 95.81383840709262
1 400000 23834.925721272477 93.91659541277585
1 410000 24186.1200304399 92.05692038399857
1 420000 26829.261954720667 90.23406942446546
1 430000 24090.571019335708 88.4473133680294
1 440000 23289.32173987823 86.69593748701456
1 450000 24679.968802750886 84.97924120631544
1 460000 25029.47378574323 83.29653782315671
